ABS 		data_type       	#ABS (absolute), REL (tangential), DIF (differential coorinates) or CPV (camera pointing vector)
18		moon_entry         	#Target body
0		time_entry             	#First time entry
6		amount_time_entries  	#Amount of time entries
DATE		time_type          	#JD, MJD, J2000, DATE, MINsinceJDaddingtheJD 
utc		time_scale		#time scale,lower case
0		time_delta         	#hours away from standard time scale (i.e. utc-3 is -3)
12		RA_entry           	#First RA or X entry
15		DEC_entry             	#First DEC or Y entry
1		number_observatories  	#Amount of observatories, needs extra definition which one if 1
88		observatory       	#Ignored if more than 1 observatory
0		observatory_entrace	#Ignored if 1 observatory
0		relative_body_entry  	#Ignored if ABS, can either be a name or entry position
0		process_relative       	#Switch for processing relative observations or not
date   Epoch of equinox        #J2000, B1950, date
Jupiter       central_body            #name or number
1967 01 10  20 06 30   08 11 66.789   20 30 07.23   08 11 69.346   20 30 57.42      5     
1967 01 10  23 31 00   08 11 62.094   20 30 23.21   08 11 58.522   20 30 35.88      5
1967 01 10  23 36 00   08 11 61.916   20 30 23.70   08 11 58.285   20 30 36.91      5
1967 01 11  00 12 00   08 11 61.343   20 30 25.88   08 11 57.360   20 30 40.51      5
1967 01 11  00 19 30   08 11 60.981   20 30 26.75   08 11 56.992   20 30 40.11      5
1967 01 11  00 37 15   08 11 60.504   20 30 28.53   08 11 56.542   20 30 42.73      5
1967 01 11  00 53 00   08 11 60.119   20 30 29.72   08 11 56.280   20 30 43.65      5
1967 01 21  22 19 00   08  5 57.811   20 50 25.98   08  5 54.381   20 50 37.29      5
1967 01 21  22 38 45   08  5 57.341   20 50 27.51   08  5 53.606   20 50 39.90      5
1967 01 21  22 50 00   08  5 57.055   20 50 28.33   08  5 53.150   20 50 41.42      5
1967 01 21  23 23 00   08  5 56.284   20 50 30.85   08  5 52.203   20 50 44.44      5
1967 01 21  23 43 00   08  5 55.790   20 50 32.35   08  5 51.777   20 50 45.82      5
1967 01 21  23 57 30   08  5 55.424   20 50 33.33   08  5 51.499   20 50 46.59      5
1967 01 22  00 19 00   08  5 54.938   20 50 34.82   08  5 51.339   20 50 47.21      5
1967 01 23  18  6 40   08  4 56.859   20 53 41.12   08  4 60.482   20 53 28.32      5
1967 01 23  18 20 40   08  4 56.545   20 53 42.16   08  4 59.925   20 53 30.17      5
1967 01 23  18 36 40   08  4 56.168   20 53 43.34   08  4 59.213   20 53 32.50      5
1967 01 23  18 50 10   08  4 55.826   20 53 44.26   08  4 58.515   20 53 34.84      5
1967 01 23  18 56 40   08  4 55.731   20 53 44.68   08  4 58.254   20 53 45.53      5
1967 01 23  21 32 40   08  4 51.970   20 53 56.63   08  4 49.402   20 53 64.95      5
1967 01 23  21 55 40   08  4 51.442   20 53 58.28   08  4 48.299   20 53 68.54      5
1967 01 23  22 12 10   08  4 51.042   20 53 59.62   08  4 47.551   20 53 70.99      5
1967 01 23  22 29 10   08  4 50.683   20 53 61.47   08  4 46.890   20 53 73.19      5
1967 01 23  22 48 40   08  4 50.181   20 53 62.36   08  4 46.216   20 53 74.48      5
1967 01 23  23  0 10   08  4 49.891   20 53 63.22   08  4 45.858   20 53 76.51      5
1967 01 23  23 22 40   08  4 49.372   20 53 67.65   08  4 45.324   20 53 81.60      5
1967 01 23  23 32 10   08  4 49.140   20 53 65.48   08  4 45.144   20 53 78.88      5
1967 01 23  23 41 40   08  4 48.947   20 53 66.38   08  4 44.996   20 53 79.53      5
1967 01 24  00 11 10   08  4 48.237   20 53 68.40   08  4 44.700   20 53 80.44      5
1967 01 23  23 20 10   08  4 48.000   20 53 69.08   08  4 44.626   20 53 80.48      5
1967 01 24  00 35 55   08  4 47.622   20 53 70.10   08  4 44.593   20 53 80.42      5
1967 01 31  21 34 30   08  0 28.971   21  7 33.75   08  0 25.394   21  7 44.76      5
1967 01 31  21 42 00   08  0 28.798   21  7 34.42   08  0 25.107   21  7 45.69      5
1967 01 31  21 52 30   08  0 28.565   21  7 35.01   08  0 24.745   21  7 46.80      5
1967 01 31  22  0  0   08  0 28.413   21  7 35.51   08  0 24.516   21  7 47.61      5
1967 01 31  22  8 30   08  0 28.215   21  7 35.91   08  0 24.245   21  7 48.41      5
1967 01 31  22 16  0   08  0 28.025   21  7 36.75   08  0 24.028   21  7 49.10      5
1967 01 31  22 52  0   08  0 27.295   21  7 38.73   08  0 23.357   21  7 51.02      5
1967 01 31  23  6 30   08  0 26.897   21  7 39.81   08  0 23.129   21  7 51.90      5
1967 01 31  23 20  0   08  0 26.594   21  7 40.70   08  0 23.938   21  7 52.27      5
1967 01 31  23 29 30   08  0 26.362   21  7 41.34   08  0 22.922   21  7 52.38      5
1967 01 31  23 38 10   08  0 26.196   21  7 41.95   08  0 22.919   21  7 52.54      5
1967 02  2  16 59  0   07 59 31.757   21 10 25.84   07 59 35.552   21 10 13.72      5
1967 02  2  17  8  0   07 59 31.556   21 10 26.34   07 59 35.237   21 10 14.50      5
1967 02  2  17 15 30   07 59 31.398   21 10 27.13   07 59 34.959   21 10 15.34      5
1967 02  2  17 22 30   07 59 31.235   21 10 27.47   07 59 34.695   21 10 16.25      5
1967 02  2  17 41 15   07 59 30.806   21 10 28.61   07 59 33.838   21 10 18.72      5
1967 02  2  21 40  0   07 59 25.497   21 10 44.73   07 59 21.689   21 10 56.69      5
1967 02  2  21 47  0   07 59 25.339   21 10 45.46   07 59 21.471   21 10 57.46      5
1967 02  2  21 58 40   07 59 25.033   21 10 46.00   07 59 21.060   21 10 58.77      5
1967 02  2  22 11  0   07 59 24.802   21 10 46.72   07 59 20.781   21 10 59.66      5
1967 02  2  22 20 30   07 59 24.582   21 10 47.36   07 59 20.553   21 10 60.30      5
1967 02  2  22 32 15   07 59 24.337   21 10 48.14   07 59 20.334   21 10 61.67      5
1967 02  2  22 41 32   07 59 23.824   21 10 49.26   07 59 19.984   21 10 62.10      5
1967 02  2  22 54 30   07 59 23.640   21 10 50.14   07 59 19.909   21 10 62.53      5
1967 02  3  16 36 10   07 58 60.940   21 11 58.67   07 58 64.913   21 11 45.89      5
1967 02  3  16 44 10   07 58 60.802   21 11 59.21   07 58 64.675   21 11 46.79      5
1967 02  3  16 57 10   07 58 60.511   21 11 61.47   07 58 64.232   21 11 47.78      5
1967 02  3  17 19 10   07 58 60.011   21 11 61.56   07 58 63.416   21 11 50.44      5
1967 02  3  17 26 10   07 58 59.860   21 11 62.15   07 58 63.118   21 11 51.39      5      
1967 02  3  17 38 45   07 58 59.584   21 11 62.79   07 58 62.553   21 11 53.03      5
1967 02  3  17 45 10   07 58 59.446   21 11 63.38   07 58 62.255   21 11 53.66      5
1967 02  3  17 53 10   07 58 59.266   21 11 63.84   07 58 61.911   21 11 54.94      5
1967 02  3  20 34 40   07 58 55.698   21 11 74.46   07 58 53.040   21 11 82.50      5
1967 02  3  20 43 10   07 58 55.516   21 11 75.17   07 58 52.632   21 11 83.63      5
1967 02  3  20 56 10   07 58 55.221   21 11 76.14   07 58 52.042   21 11 85.26      5
1967 02  3  21  6 13   07 58 54.989   21 11 76.69   07 58 51.632   21 11 87.01      5
1967 02  3  21 18 40   07 58 54.736   21 11 77.41   07 58 51.122   21 11 88.33      5
1967 02  3  21 52 40   07 58 54.001   21 11 79.75   07 58 49.986   21 11 92.09      5
1967 02  3  22 18 10   07 58 53.488   21 11 80.946  07 58 49.445   21 11 93.65      5
1967 02  3  22 45 40   07 58 52.769   21 11 82.80   07 58 48.906   21 11 95.38      5
1967 02  3  23  0 25   07 58 52.446   21 11 83.76   07 58 48.754   21 11 95.97      5
1967 02  3  23 15 10   07 58 52.130   21 11 84.97   07 58 48.690   21 11 95.86      5
1967 02  3  23 35 10   07 58 51.689   21 11 86.03   07 58 48.684   21 11 96.00      5
1967 02  7  17  6 30   07 56 58.728   21 17 61.18   07 56 61.932   21 17 51.12      5
1967 02  7  17 15 30   07 56 58.506   21 17 62.07   07 56 61.475   21 17 52.28      5
1967 02  7  17 22 45   07 56 58.289   21 17 62.71   07 56 60.989   21 17 53.75      5
1967 02  7  17 31 45   07 56 58.160   21 17 62.83   07 56 60.774   21 17 54.40      5
1967 02  7  20 14  0   07 56 54.764   21 17 73.13   07 56 52.033   21 17 81.33      5
1967 02  7  20 26 30   07 56 54.501   21 17 73.93   07 56 51.479   21 17 82.93      5
1967 02  7  20 36 30   07 56 54.267   21 17 74.58   07 56 51.015   21 17 84.62      5
1967 02  7  20 46 30   07 56 54.054   21 17 75.12   07 56 50.619   21 17 85.62      5
1967 02  7  20 52 30   07 56 53.932   21 17 75.67   07 56 50.389   21 17 86.44      5
1967 02  7  21  2 30   07 56 53.731   21 17 76.26   07 56 50.032   21 17 87.59      5
1967 02  7  21 10  0   07 56 53.578   21 17 76.70   07 56 49.808   21 17 88.31      5
1967 02  7  21 54  0   07 56 52.625   21 17 79.25   07 56 48.574   21 17 92.19      5
1967 02  7  22  7 30   07 56 52.331   21 17 79.81   07 56 48.369   21 17 93.01      5
1967 02  7  22 16 35   07 56 52.145   21 17 80.64   07 56 48.224   21 17 93.19      5
1967 02  7  22 26 30   07 56 51.948   21 17 81.18   07 56 48.118   21 17 93.54      5
1967 02  7  22 36 30   07 56 51.713   21 17 81.77   07 56 47.996   21 17 93.73      5    